1000000000
657520625
825332481
401269093
172141266
373198400
854488690
495219229
66767420
728627186
534732716
552454203
253964933
812208059
509676701
310749175
660475182
323270405
818718811
221978037
898879178
191125743
643891507
482149117
123097629
431380516
162103933
742198941
917179405
484914084
904206329
882672129
34829266
119928953
559451890
96128170
369989489
34149565
731550089
900195281
214381388
445786672
604165420
835242062
99712890
327132062
122642677
507517553
641495136
426606570
343942710
853008978
475490211
232499194
235984742
708531106
690023688
597122504
430599007
18007511
418053151
254331730
636013930
423474022
73239310
468274357
338924788
11575835
257139455
482893613
675952029
995044131
274090420
137814714
59477737
894315217
341250031
1734818
348920114
611127707
324082088
830911172
153519229
157827003
373967090
98983221
705074662
427913279
838772066
760854540
838629337
919295073
387180492
721323990
918651604
502780775
424903754
542309452
43215624
901306797
340094177
294231294
987325654
92126921
271143518
380198622
565206612
739800132
326798022
140144683
495616086
39855879
511678692
44872346
216114372
920254808
652953564
381331585
723071874
441366155
789590480
214975900
116425858
795035229
220598690
873067639
334940636
694433598
866478232
953967797
425480559
113191190
629131057
238761962
172626578
597218936
336506115
194967508
356961517
59640575
23860970
338125870
384077931
147379884
551121211
142586655
986256163
612530145
133690389
586458464
926060599
602432475
164124175
362329713
928740336
76319890
23992178
207014934
737040587
934990574
680090546
921780309
944218839
388211069
613763698
780673174
654558181
303037546
747451703
288904278
763084676
502206212
831307959
756326746
345667637
194980342
901634403
254947852
89482391
113453304
549370233
753548184
311035278
271230911
450454054
559069959
270100680
187961576
376709352
570304961
178602202
477095578
55750889
134901986
776188945
552139213
328381196
915979648
668810616
156831553
123047187
694737259
783777285
181057375
808856984
780792612
175139564
640882172
325450642
648428360
736816084
285379686
492460436
64538617
812083797
263233735
273909068
206342959
234696902
727696741
377726901
580207743
700285707
347761452
953850284
185024323
854926111
763615992
496761966
178682515
141631063
564307523
108690583
297218774
839258612
894391238
928380236
210334449
673533852
564350252
417705935
527976334
789999862
794028584
921614041
485290929
944423128
150031409
948996204
513065499
598387350
832962848
765841310
356592214
350099418
66874872
24508514
604109434
733235162
991732701
984358042
820057612
958531007
834463948
990620955
753631820
424217144
265228860
792198289
394116632
551138299
871574428
877008164
503595203
710648279
856263630
135875976
203547455
975073092
344010066
569548749
960962803
306126734
728800179
568209100
703391985
365085420
173915360
325245874
821401558
927576712
696677513
47519365
432974079
866136879
510152006
633443474
316669875
873176000
772995269
75066452
858274943
691121635
509565820
790459749
420287388
994541690
954100893
91190114
627478274
939495836
242817692
105675678
490695161
1290370
875413253
924632675
964667080
414362007
826973953
181479525
853867083
529231412
314071781
163073420
272416501
146385108
872636885
456538744
633975034
240090957
924547607
175330280
56008555
163714176
936426495
12850615
59641706
562650038
655621675
506745543
116038828
209157069
472420015
414611478
748537026
495053491
326793978
297822402
298437993
808529354
541321520
507081363
374954264
989760535
933705247
93514207
896999373
917141092
662888844
986500353
52930158
16646500
217482000
268998798
558879613
427616913
139841051
179757164
752724505
545335221
878091654
701018435
354771738
872422960
302426432
874692238
908335028
495017921
156625479
681792256
771752985
821888772
828679773
466433340
820410379
202930039
170542096
643747895
712985781
971768727
28089796
518037735
860937521
810124707
114183671
402017916
276159912
105788378
989225701
337446295
440372332
18646733
38087308
815788969
152194381
383087347
716502780
292575553
660358350
966574202
21174116
351110777
258213773
960994713
230649777
74352487
193047059
185226566
857234451
64117062
714533031
969594285
730414147
242274462
268121929
246277008
431510817
308326140
452770511
823124640
874295533
852896195
944694633
572298256
18214394
253451805
41183032
497513200
727723576
514165554
752675173
778649988
27790428
818418512
312167478
676169658
377804340
527471458
116089656
503281849
698493146
155388127
133528676
327441375
538063165
37546376
521625403
594711075
614843310
264323626
932001733
999635139
773251991
860936511
25799289
84255554
516697359
524428021
447290116
33237694
779622405
185118542
945948495
74188091
321569407
897911745
413349136
529294377
189342961
556471256
417403082
656196507
466873852
155150529
183023274
866191129
748674429
775126415
889295412
930247402
424554155
493118047
556099131
584997106
271040365
61453447
936013418
370501488
134456465
